500264
504429
506123
506440
510811
511359
512614
518530
518710
521243
525853
527813
527824
532827
535153
548706
550807
551485
551602
553235
556154
562558
564589
564825
565313
568609
569991
572251
574697
579636
580147
580871
584576
587191
590133
594752
595249
595486
596495
596720
598004
600862
602782
606983
609878
613624
616775
621209
622933
623419
624816
628632
634927
636673
641913
642213
644216
646288
648367
649986
652147
653454
655736
655791
658362
660859
661017
666303
667743
670413
672055
672393
674869
675044
677982
679657
680209
682626
